# R script for Peak Model
#  -- generated by MACS
p <- c(0.020699874306794472,0.024355434984925227,0.02771759275850495,0.03122645198436019,0.034768244189297685,0.03487003703373376,0.0348371040546515,0.034890994384058835,0.03484907968340869,0.034840097961840795,0.03481614670432643,0.03448082909912524,0.034477835191935945,0.03444190830566439,0.034411969233771426,0.03442993267690721,0.03431317029652465,0.0342712555958745,0.03436406671874269,0.034528731614153985,0.03474728683897261,0.03506164709384872,0.03506164709384872,0.03534307436964257,0.035564623501650496,0.03548977582191809,0.03578617263365842,0.03577120309771194,0.03598975832253057,0.03619633791859201,0.036211307454538495,0.0360466425591272,0.03640890532903205,0.03632507592773175,0.03616939275388834,0.03629813076302808,0.03638495407151768,0.03663644227541856,0.0366065032035256,0.036633448368229266,0.03674122902704394,0.03678014982050479,0.03699271723094482,0.03695379643748397,0.03694780862310538,0.03681607670677634,0.036846015778669305,0.036627460553850674,0.036738235119854634,0.03645980175125008,0.03651967989503601,0.036633448368229266,0.03640890532903205,0.03641788705059994,0.0366903326048259,0.03692086345840171,0.036813082799587046,0.03724420543484571,0.03715438821916682,0.03728612013549586,0.03743581549496067,0.03756455350410041,0.037513657081882375,0.037747181842647484,0.037908852830869484,0.037992682232169776,0.038166328849148966,0.03799567613935907,0.03817531057071685,0.03835195109488533,0.0381393836844453,0.0382950668582887,0.03863038446348989,0.039001628954962626,0.0389417508111767,0.03897468379025896,0.03935191609611029,0.039540532249035955,0.039507599269953696,0.040025545213701955,0.04068420479534713,0.04072911340318658,0.04098359551427676,0.040732107310375874,0.0409476686280052,0.041172211667202425,0.041022516307737615,0.041250053254124126,0.04154345615867516,0.04129795576915287,0.04098060160708746,0.04125304716131343,0.0409506625351945,0.04108838226590213,0.04117520557439172,0.04127999232601709,0.041624291652786166,0.04165423072467913,0.041729078404411535,0.04214223759653442,0.042564378510225195,0.04257635413898238,0.04289969611542638,0.04330087967879208,0.043211062463113195,0.04340866033760675,0.04331884312192786,0.04345356894544619,0.043555361789882265,0.043315849214738564,0.043232019813438265,0.04329489186441349,0.043321837029117155,0.043217050277491786,0.043666136355886224,0.043737990128429334,0.04388169767351556,0.044013429589844597,0.044190070114013075,0.0445673024198644,0.044719991686518516,0.044908607839444184,0.045225962001509586,0.04516308995053436,0.0452169802799417,0.04532176703156707,0.045291827959674104,0.045166083857723666,0.04536068782502792,0.0453786512681637,0.04530380358843129,0.04532775484594566,0.04532476093875636,0.04546248066946399,0.045510383184492735,0.04563612728644318,0.04581875562499025,0.04629478686808836,0.046468433485067545,0.04639059189814584,0.04653429944323206,0.04653729335042136,0.046597171494207286,0.04680075718307943,0.04667201917393969,0.04674986076086139,0.04683967797654028,0.046740879039293505,0.046746866853672096,0.046941470820976355,0.0470672149229268,0.04726780670460965,0.0475492339804035,0.04766899026797535,0.047938441915012016,0.0483545950143242,0.04850728428097831,0.04855518679600705,0.04854321116724986,0.04848632693065324,0.048294716870538275,0.04871985169141835,0.04893840691623697,0.04879469937115075,0.048824638443043716,0.048606083218225085,0.04874380294893271,0.04880966890709723,0.04874380294893271,0.04904918148224094,0.04954317616847482,0.04958808477631427,0.04928869405738464,0.04960604821945004,0.04971083497107542,0.0497228105998326,0.049920408474326154,0.050264707801095224,0.05054314116969978,0.050767684208897,0.051285630152645256,0.051408380347406406,0.05147724021276022,0.0518125578179614,0.05204608257872651,0.0523784062767384,0.052599955408746325,0.05264785792377506,0.05288737049891876,0.053067004930276544,0.05307598665184443,0.05309095618779091,0.053384359092341946,0.053650816832189314,0.05364183511062143,0.053845420799493574,0.05380949391322202,0.05431247032102379,0.054465159587677905,0.054569946339303274,0.05474658686347175,0.05514777042683745,0.05563577729869275,0.05565972855620712,0.05603696086205845,0.05606390602676212,0.05601600351173338,0.05604893649081564,0.05639323581758471,0.056674663093378555,0.05682735236003267,0.05697105990511889,0.057123749171773,0.05729440188156289,0.057800372196553956,0.058027909142940474,0.058674593095828474,0.05899494116508317,0.05909074619514065,0.05930331360558069,0.059366185656555916,0.05933924049185225,0.059743417962407244,0.06013561980420506,0.059994906166308135,0.06012364417544787,0.06044099833751328,0.06055476681070653,0.060668535283899795,0.060662547469521204,0.06111762136229423,0.06147689022500979,0.061303243608030605,0.06152778664722783,0.06183615908772534,0.062204409672008784,0.06256667244191363,0.06309360010722978,0.0634738263202704,0.06439295582738437,0.06464743793847455,0.06507556666654392,0.06612343418279762,0.06641683708734865,0.06665934356968164,0.06730003970819105,0.06748266804673812,0.06767427810685309,0.0682251570296836,0.06803953478394724,0.06823114484406219,0.06833593159568756,0.06808743729897597,0.06841077927541997,0.06867723701526735,0.06845568788325941,0.06855448682050619,0.06848562695515238,0.06873711515905327,0.0690394997851722,0.06934487831848041,0.06957540917205622,0.0702340687537014,0.0711202652817331,0.07178491267775687,0.0726531457626528,0.07357826308414535,0.0744225449115269,0.07481175284613542,0.07518898515198674,0.07596141320682519,0.07662905451003825,0.07687754880674985,0.0767547986119887,0.07679371940544955,0.07733861051390148,0.07724579939103329,0.07728472018449414,0.0773954947504981,0.07804517261057539,0.0788535275516854,0.07951817494770917,0.07993432804702134,0.0800451026130253,0.0835150410454197,0.08411082857608966,0.08491319570282106,0.0860898012282145,0.08698797338500339,0.08764064515226996,0.08743107164901923,0.08803584090125707,0.08876336034825608,0.08940106257957618,0.08704186371441071,0.08710174185819664,0.08740412648431556,0.08739813866993697,0.08764962687383786,0.08796997494309255,0.08863761624630563,0.08886515319269214,0.08951483105276944,0.09056868638340174,0.09156865138462669,0.09234706725384371,0.09280214114661675,0.09327817238971486,0.09433502162753644,0.09468231486149482,0.09535893788627578,0.09632896381560777,0.09685289757373462,0.0973528800743471,0.0971852212717465,0.09756245357759784,0.09813728375794273,0.09882288850429156,0.09904743154348879,0.09978093880486638,0.10003242700876727,0.10021505534731434,0.1003258299133183,0.10087371492895952,0.10196649105305267,0.10271197394318744,0.10328680412353232,0.10371792675879099,0.10455921467898324,0.10486459321229147,0.10538553306322901,0.10590048509978797,0.10648729090889004,0.10633759554942523,0.10671482785527656,0.1071728956552389,0.10766988424866207,0.1083734524381467,0.10843632448912192,0.1093434783674787,0.10971172895176214,0.11037937025497521,0.11112485314510998,0.1117625553764301,0.11264575799727249,0.1132026247344816,0.11426845569387108,0.11479238945199792,0.11589115339046965,0.11640610542702862,0.11759169267398994,0.11839106589353204,0.11849285873796812,0.119552701882979,0.11965449472741507,0.12013351987770249,0.12042692278225352,0.12103767984886996,0.1213999426187748,0.1220556082932307,0.12248373702130007,0.12313341488137736,0.12435792292179954,0.12576805320795809,0.12662431066409682,0.1276931355306756,0.12830089869010272,0.12906733893056258,0.13014215161151996,0.130839731986626,0.1316420991133574,0.1321151364492662,0.132911515761619,0.13319294303741286,0.13408812128701245,0.13448631094318886,0.13559106269603918,0.1363724724724455,0.13672874742797175,0.1378185296448756,0.13880951292453267,0.13967175819505,0.13995617937803315,0.14004599659371203,0.14109386410996574,0.14253992128239584,0.14300098298954747,0.14415363725742653,0.14515659616584078,0.1462613479186911,0.1474918437734919,0.14801278362442943,0.14960554224913505,0.1508510076398823,0.1515036794071489,0.15166834430256018,