# R script for Peak Model
#  -- generated by MACS
p <- c(0.020835930930074097,0.024304113895575807,0.027890809883109487,0.031229299352802622,0.03469748231830433,0.034733259834389456,0.03472431545536817,0.03473102373963414,0.03500159120502789,0.035477879387911096,0.03548458767217706,0.03556061489385795,0.035518129093506864,0.03565676696833672,0.03543539358756002,0.03505749357391089,0.03482493971935759,0.03479810658229374,0.035006063394538524,0.034167527861293435,0.0342189580406658,0.034393373431580776,0.03428156869381477,0.03436654029451693,0.034925563983347,0.03511115984803858,0.03533029713405996,0.035759627327081454,0.03549800424070898,0.03602125041345392,0.036164360477794415,0.03603243088723052,0.03612187467744333,0.03603466698198584,0.03586248768582618,0.03592957052848579,0.03604361136100712,0.03582894626449638,0.035956403665549634,0.03584907111729426,0.03565005868407076,0.03573279419001761,0.03565900306309204,0.0357104332424644,0.03521625630153863,0.035276630859932274,0.03491661960432572,0.034681829655017093,0.034359832010250974,0.034087028450101906,0.034019945607442294,0.03380751660568687,0.03379633613191027,0.03370912843645278,0.03394839057527205,0.033648753878059136,0.034031126081218895,0.03437995686304886,0.03444256751619782,0.03444703970570846,0.03454542787494255,0.034612510717602164,0.0347936343927831,0.034802578771804385,0.03465723261270857,0.03480034267704906,0.03451635864312339,0.034221194135421115,0.03407137578681466,0.03424579117772964,0.03434865153647437,0.03415858348227215,0.03389025211163372,0.033805280510931554,0.03414293081898491,0.03419436099835727,0.034393373431580776,0.034693010128793694,0.03453424740116595,0.034739968118655415,0.03463934385466601,0.03476680125571926,0.03507761842670878,0.035073146237198136,0.03512904860608114,0.03505302138440025,0.03469524622354901,0.03445374798997442,0.034999355110272565,0.03492109179383636,0.03509327108999601,0.035350421986857845,0.03530793618650676,0.03548458767217706,0.03507538233195345,0.03498593854174065,0.03509997937426198,0.035363838555389764,0.034970285878453404,0.03484506457215547,0.034871897709219314,0.034572261012006396,0.034444803610953145,0.03439113733682546,0.034382192957804175,0.034722079360612855,0.03512904860608114,0.034525303022144675,0.034907675225304434,0.03477798172949586,0.03509327108999601,0.035500240335464305,0.03576186342183677,0.03576633561134741,0.03598994508687944,0.03572384981099633,0.03557850365190051,0.03600112556065604,0.03588932082289002,0.03611293029842205,0.035737266379528246,0.03571266933721973,0.035788696558900615,0.03595193147603899,0.036036903076741164,0.036048083550517765,0.03571266933721973,0.03548235157742174,0.035363838555389764,0.035258742101889715,0.03520731192251735,0.03501947996307045,0.03477350953998522,0.03465499651795325,0.03473549592914477,0.034992646826006606,0.03501277167880449,0.0353124083760174,0.035345949797347204,0.03548682376693238,0.035455518440357894,0.03526097819664503,0.03556061489385795,0.03554496223057071,0.03576409951659209,0.03547340719840046,0.03592286224421983,0.0357976409379219,0.03579316874841126,0.03575068294806017,0.035813293601209134,0.03583789064351766,0.03543315749280469,0.03539961607147489,0.03514470126936838,0.03533700541832592,0.03522520068055991,0.035321352755038685,0.03564782258931544,0.035719377621485686,0.03574844685330485,0.0360190143186986,0.036175540951571016,0.03658027410228398,0.03680611967257133,0.03684636937816709,0.03691121612607138,0.03693804926313522,0.03704985400090124,0.03710799246453956,0.037224269391816216,0.03701854867432675,0.03728464395020986,0.03694475754740118,0.03693804926313522,0.03692239659984798,0.036792703104039405,0.03681730014634793,0.03673903682991172,0.03680611967257133,0.036578038007528665,0.03666300960823083,0.036387969953326445,0.036689842745294673,0.03656238534424142,0.03661605161836911,0.036763633872220244,0.03692239659984798,0.037121409033071484,0.03707445104320976,0.03736514336140139,0.03777658479638032,0.03815224871527412,0.03827523392681673,0.03839821913835935,0.038648661750955215,0.038908048742572365,0.038896868268795765,0.03889463217404044,0.0390779919439767,0.038999728627540496,0.0390668114702001,0.03899749253278517,0.03876270258347655,0.038545801392210484,0.0381388321467422,0.037830251070508004,0.03782130669148672,0.037599933310710015,0.03743446229881632,0.03757980845791214,0.03721085282328429,0.03678823091452876,0.03679046700928409,0.03690674393656074,0.03712811731733744,0.03736067117189075,0.03728464395020986,0.037599933310710015,0.037691613195678146,0.037848139828550564,0.03797559722960382,0.03844964931773171,0.03842281618066787,0.0386464256561999,0.038827549331380835,0.038655370035221175,0.03868443926704034,0.03838703866458275,0.038469774170529596,0.03853014872892324,0.03854132920269984,0.038574870624029645,0.0384921351180828,0.0386687866037531,0.03856592624500837,0.03869338364606162,0.03891699312159364,0.0390109091013171,0.03919426887125336,0.03937762864118962,0.039645960011828046,0.04004174878351973,0.040759535199977534,0.040974200296488274,0.04127607308845651,0.04150191865874386,0.04141247486853104,0.04170987547098864,0.04176130565036101,0.04190217961994618,0.04183956896679721,0.041683042333924794,0.041508626943009816,0.041387877826222524,0.04109271331852025,0.04130514232027567,0.041504154753499174,0.04160477901748859,0.04159807073322262,0.04152427960629706,0.041694222807701395,0.0415511127433609,0.04175906955560568,0.041566765406648144,0.042154858327297366,0.04216156661156333,0.04260878556262738,0.042754131721723196,0.043447321095872474,0.04343837671685119,0.04343390452734055,0.04369776370846834,0.04355241754937252,0.04375590217210667,0.043666458381893855,0.04377155483539391,0.043637389150074694,0.043699999803223664,0.043042587945159506,0.04323041990460641,0.043878887383649284,0.043970567268617415,0.044386480893106976,0.044529590957447476,0.04466375664276669,0.04469058977983053,0.04497680990851152,0.04493208801340512,0.045573847208182035,0.04564093005084164,0.045942802842809875,0.046381077414852645,0.046819351986895415,0.0475908046774809,0.047816650247768246,0.04832871594673658,0.04841815973694939,0.04857245027506649,0.04875581004500275,0.04932377811285409,0.04928576450201365,0.049732983453077695,0.049967773402386326,0.05028753495239712,0.051114890011865616,0.051325082918865714,0.0519198841237809,0.05269357290912171,0.05364614927488814,0.05395473035112233,0.05427225580637781,0.054437726818271505,0.05461885049345245,0.054782085410590826,0.05496991737003772,0.05590907716727223,0.056224366527772386,0.05689743104912378,0.05651505884596402,0.05664922453128323,0.057002527502623836,0.05688401448059186,0.05716799851451753,0.057286511536549505,0.05742291331662404,0.057089735198081325,0.05735806656871975,0.05723955354668778,0.0575950926127837,0.05801995061629455,0.05847611394637988,0.05888084709709285,0.059044082014231225,0.059500245344316555,0.06011517140202962,0.06040362762546594,0.0609402903667428,0.0611616637475195,0.06131371819088128,0.06143223121291325,0.0611616637475195,0.061564160803477146,0.061501550150328176,0.06146800872899837,0.061143774989476936,0.061461300444732414,0.06119744126360462,0.06113483061045566,0.0618459087426475,0.06259947267519042,0.06306905257380767,0.06341564726088231,0.0643413904895849,0.06457618043889353,0.06506812128506398,0.06528502247633004,0.06591336510257503,0.0668704136578521,0.0666825816984052,0.06614591895712833,0.06628455683195819,0.06650145802322426,0.06622641836831987,0.06664233199280943,0.06635387576937313,0.06704035685925644,0.06714992550226713,0.06716557816555438,0.06759938054808651,0.06794373914040581,0.06851170720825717,0.0684490965551082,0.06916017468730004,0.06969907352333221,0.07051524810902411,0.07004119602089622,0.07015523685341755,0.0703162356758006,0.0708797315541413,0.07166907300276935,0.07199107064753547,0.07230636000803563,0.07329471388988718,0.07335508844828083,0.07345347661751492,0.07444630268887711,0.07549503112912231,0.07610995718683537,0.07674724419210165,0.0775477661145063,0.07841313478481524,