# R script for Peak Model
#  -- generated by MACS
p <- c(0.03442352023727757,0.03988886586736667,0.045762073111641516,0.052083928131520685,0.05738612911593548,0.05705983982458688,0.05632568891905252,0.05730455679309833,0.056040185789122496,0.0562033304347968,0.05657040588756397,0.056651978210401126,0.05816106618288841,0.057019053663168305,0.05738612911593548,0.05746770143877263,0.058120280021469836,0.05693748134033115,0.05869128628132989,0.057875563052958386,0.05742691527735405,0.05738612911593548,0.05526524872216956,0.055509965690681014,0.05440873933237948,0.053919305395356575,0.0533890852969151,0.05408245004103088,0.05326672681265937,0.05302200984414792,0.05379694691110085,0.053674588426845124,0.05400087771819373,0.05469424246230951,0.056855909017494,0.05754927376160978,0.05803870769863268,0.05779399073012123,0.05771241840728408,0.05926229254118994,0.05958858183253855,0.0595070095097014,0.05865050011991131,0.05893600324984134,0.05779399073012123,0.05763084608444693,0.05738612911593548,0.05730455679309833,0.057019053663168305,0.05661119204898255,0.055142890237913834,0.05595861346628534,0.056733550533238274,0.056855909017494,0.05754927376160978,0.058732072442748466,0.059670154155375695,0.05918072021835279,0.05958858183253855,0.05987408496246857,0.0601595880923986,0.05954779567111997,0.0599964434467243,0.05962936799395712,0.05930307870260852,0.05938465102544567,0.05938465102544567,0.059425437186864244,0.059425437186864244,0.05893600324984134,0.0601595880923986,0.06195417919481592,0.06260675777751312,0.06252518545467597,0.06199496535623449,0.06085295283651438,0.05975172647821285,0.060322732738072905,0.06146474525779301,0.06195417919481592,0.06219889616332737,0.06199496535623449,0.06175024838772304,0.061423959096374436,0.06305540555311745,0.06374877029723323,0.0631369778759546,0.0634632671673032,0.06260675777751312,0.0634632671673032,0.06252518545467597,0.061546317580630165,0.061872606871978764,0.062402826970420246,0.06207653767907164,0.06146474525779301,0.0601595880923986,0.05869128628132989,0.058446569312818435,0.05705983982458688,0.057834776891539805,0.056978267501749724,0.0571821983088426,0.05763084608444693,0.057590059923028354,0.05775320456870266,0.05975172647821285,0.060893738997932954,0.06183182071056019,0.061546317580630165,0.06158710374204874,0.062158110001908795,0.06236204080900167,0.06219889616332737,0.061505531419211584,0.061260814450700134,0.06272911626176884,0.06374877029723323,0.06232125464758309,0.06317776403737317,0.06399348726574468,0.06472763817127904,0.0636264118129775,0.06219889616332737,0.06199496535623449,0.06256597161609455,0.06073059435225866,0.059955657285305726,0.06228046848616452,0.0629738332302803,0.062035751517653066,0.06232125464758309,0.06293304706886173,0.06370798413581466,0.0639527011043261,0.06436056271851186,0.0649723551397905,0.06460527968702331,0.06309619171453602,0.06272911626176884,0.062402826970420246,0.06170946222630446,0.06040430506091005,0.06024116041523575,0.05987408496246857,0.059670154155375695,0.05979251263963142,0.06109766980502583,0.06232125464758309,0.06305540555311745,0.06350405332872178,0.0639527011043261,0.065788078368162,0.0677866002776722,0.0682760342146951,0.06803131724618364,0.0677866002776722,0.06709323553355641,0.06566571988390627,0.0631369778759546,0.06276990242318742,0.06338169484446605,0.06276990242318742,0.062035751517653066,0.062035751517653066,0.06175024838772304,0.062158110001908795,0.060893738997932954,0.06146474525779301,0.06342248100588463,0.06342248100588463,0.06256597161609455,0.062158110001908795,0.062402826970420246,0.06244361313183882,0.06281068858460599,0.06350405332872178,0.06505392746262764,0.064442135041349,0.06387112878148896,0.06517628594688336,0.06472763817127904,0.06562493372248769,0.06464606584844189,0.06558414756106912,0.06635908462802205,0.06586965069099915,0.06550257523823197,0.06737873866348644,0.06803131724618364,0.06648144311227777,0.06770502795483503,0.06688930472646352,0.06766424179341646,0.06762345563199788,0.06705244937213783,0.06672616008078923,0.06705244937213783,0.06741952482490501,0.0672563801792307,0.06823524805327652,0.06721559401781213,0.06746031098632359,0.06635908462802205,0.06623672614376633,0.0672563801792307,0.06672616008078923,0.06558414756106912,0.06489078281695333,0.06484999665553476,0.06423820423425614,0.06513549978546479,0.06603279533667344,0.06611436765951059,0.06648144311227777,0.06639987078944062,0.06762345563199788,0.0682760342146951,0.06864310966746227,0.06831682037611367,0.06929568825015947,0.06811288956902078,0.06713402169497498,0.0694180467344152,0.06892861279739229,0.06896939895881087,0.06819446189185795,0.06847996502178796,0.06790895876192792,0.06986669451001953,0.07072320389980961,0.07243622267938978,0.07264015348648264,0.07215071954945974,0.07296644277783125,0.07215071954945974,0.0723954365179712,0.07321115974634271,0.0725585811636455,0.0710902793525768,0.0692549020887409,0.0677866002776722,0.06815367573043936,0.06688930472646352,0.0654617890768134,0.06586965069099915,0.06656301543511493,0.06652222927369635,0.06656301543511493,0.06635908462802205,0.06656301543511493,0.06750109714774216,0.06668537391937066,0.06611436765951059,0.06615515382092918,0.06648144311227777,0.06582886452958057,0.06611436765951059,0.06615515382092918,0.06603279533667344,0.06603279533667344,0.06631829846660348,0.0669300908878821,0.06803131724618364,0.06843917886036939,0.06786817260050934,0.06917332976590375,0.06937726057299662,0.06917332976590375,0.07011141147853098,0.07031534228562386,0.06986669451001953,0.06949961905725235,0.06896939895881087,0.06929568825015947,0.06986669451001953,0.07043770076987958,0.06962197754150808,0.07104949319115822,0.07104949319115822,0.07178364409669256,0.0715797132895997,0.0723954365179712,0.07276251197073838,0.07419002762038851,0.07353744903769131,0.07186521641952973,0.07321115974634271,0.07276251197073838,0.07370059368336561,0.0730480151006684,0.07406766913613279,0.07317037358492413,0.07300722893924982,0.07198757490378545,0.07431238610464423,0.07529125397869005,0.07484260620308572,0.07496496468734144,0.07463867539599284,0.07508732317159716,0.07374137984478418,0.07365980752194703,0.07500575084876002,0.07480182004166715,0.07431238610464423,0.07423081378180708,0.0748833923645043,0.0758622602385501,0.07573990175429438,0.07680034195117734,0.07712663124252593,0.07945144244338473,0.07835021608508319,0.0788396500221061,0.07737134821103739,0.07688191427401449,0.07545439862436434,0.07525046781727147,0.07435317226606282,0.0728848704549941,0.07321115974634271,0.0723954365179712,0.07353744903769131,0.07292565661641268,0.07419002762038851,0.0758622602385501,0.076351694175573,0.07639248033699159,0.07859493305359465,0.07973694557331476,0.08124603354580204,0.08128681970722063,0.08206175677417354,0.08251040454977789,0.08202097061275497,0.08189861212849925,0.0821433290970107,0.0819801844513364,0.08140917819147635,0.08169468132140638,0.08206175677417354,0.08291826616396364,0.08218411525842928,0.08365241706949798,0.08540622201049673,0.08442735413645092,0.08377477555375372,0.08414185100652088,0.08377477555375372,0.08581408362468249,0.08626273140028681,0.08556936665617103,0.08634430372312396,0.08552858049475245,0.08446814029786949,0.08410106484510231,0.08536543584907814,0.08495757423489239,0.08397870636084659,0.08173546748282495,0.08018559334891909,0.08063424112452341,0.08006323486466337,0.07994087638040763,0.08018559334891909,0.08218411525842928,0.0827959076797079,0.08283669384112648,0.08406027868368374,0.0843049956521952,0.08642587604596111,0.08846518411688988,0.0885875426011456,0.09070842299491153,0.09038213370356292,0.08924012118384281,0.0887506872468199,0.08977034128228428,0.09078999531774867,0.09176886319179448,0.0909123538020044,0.08948483815235427,0.09021898905788861,0.08968876895944713,0.08956641047519141,0.08907697653816851,0.09001505825079574,0.09136100157760872,0.09127942925477157,0.08977034128228428,0.09021898905788861,0.09034134754214435,0.0885875426011456,0.08846518411688988,0.08830203947121558,0.08915854886100566,0.08887304573107563,